4.548049993877961716e-01 1.724853183382772659e-01 6.062151491004578861e-08
1.925575555074331017e-03 1.666780621661755613e-01 7.565268937767013480e-01
4.338005499989157077e-01 3.356318856923978244e-01 3.275799551670045134e-02
1.094688750582138576e-01 3.252047338031493484e-01 2.107150500850833996e-01
1.648265902505645017e-02 1.988012669191291104e-01 4.025263541982884719e-01
8.463782825335164350e-02 4.659464342296136263e-01 5.390583622485800586e-01
6.519157371947525981e-01 5.215921020137935515e-02 4.558678663196746167e-02
2.469637755268393742e-01 2.830930886498778665e-01 1.282849692116404781e-02
1.484096694511963938e-02 3.333452450218357677e-02 3.132480824018140098e-01
4.827387317942665734e-01 4.978359314719196099e-02 1.692201847261823322e-01
1.845981835526852022e-01 6.114062199262837449e-01 1.244819859855788857e-01
3.178221177079286752e-01 3.054756624243407104e-01 3.930497468864249111e-01
1.490902529537476151e-01 1.692970046550618668e-01 3.920272464050514327e-01
9.113997878484886295e-02 7.992663918060523114e-04 2.448828033713371100e-01
6.286470518325731893e-01 4.601402951759328008e-01 4.135270107147385500e-03
1.311227164288303326e-01 3.697634337771991686e-01 3.589546801164641421e-01
4.299615243679395099e-02 3.501018167156140781e-01 1.826737048483073333e-01
9.535553217696074446e-01 6.979223137137102739e-02 6.353531961572631559e-01
1.389877912600378596e-03 5.772163919730509407e-02 8.266918208829020231e-02
2.058647880998132774e-03 5.223843127157098420e-01 9.930391690613914191e-02
4.350190269111687408e-02 5.842512799896837361e-01 4.220163817501989406e-02
9.416270212278069485e-01 3.569985352958351399e-01 7.037919920968430665e-01
1.399492236270355634e-02 1.721168932579987890e-02 6.428315081022802080e-02
8.761537183724544707e-04 4.153849538868120000e-02 1.897232189179089423e-01
1.108895099302721204e-01 4.656744846498614421e-01 2.755430172111113518e-01
1.710220718103890036e-02 4.892684973264185833e-01 5.963048374063809748e-03
5.151276326879908884e-01 1.892834206010621245e-02 7.031973228297823120e-01
3.568806502006980352e-01 2.612867596361370323e-02 1.529661158504247963e-02
2.199872380197010618e-02 7.953303044184794057e-01 5.962455702542904246e-02
7.120489574261062993e-01 2.494636342125977450e-03 7.369468578521682911e-01
2.390431029956424924e-01 5.657115401821127473e-03 7.317584744910448670e-04
2.690921577628120273e-02 1.965179438375735388e-01 2.026968266479115821e-01
2.893260813908431484e-01 6.664734510279339552e-02 3.816474384947353138e-01
2.390374651369276196e-02 2.561436014412409312e-01 6.344330254931101858e-03
3.632111923363069983e-01 1.499591737252249091e-01 6.031021903009128327e-01
3.235589797591571504e-01 5.272498797307408891e-01 8.906040949420794203e-03
9.879327141272292723e-03 5.913112212512664501e-01 1.304606958276987583e-01
3.421303164918108181e-02 1.270320439160427528e-01 3.934473117630726269e-01
7.513458621768539514e-01 2.000667399013784660e-04 4.758425685787706638e-01
2.045617790326926533e-01 2.814566680927892417e-01 2.494238304579684791e-04
1.336525815323679200e-01 1.233679047805667263e-02 1.712544586836161065e-01
8.285476930793607142e-01 7.604086706333070822e-01 6.127555237868407279e-01
1.990217045447197075e-02 2.208383169979599159e-01 6.804791665567098968e-02
1.789755493379944704e-02 6.416221890676409960e-03 1.479421008738722176e-01
6.595039090382800659e-03 2.863456936997419988e-01 2.891577695516755510e-03
4.793251207583567042e-01 3.728546559416386352e-01 2.240330919185796743e-01
5.106808754969961450e-01 3.890056136219261634e-02 6.369102381048468153e-01
3.398964654264155418e-03 3.018990889964267010e-01 1.361650922810569431e-01
5.212359971556491944e-02 6.222334552324122470e-01 2.183968372390605317e-01
4.285388416766238162e-01 1.352605818390529568e-01 6.300738460102175420e-01
4.465845857022367471e-01 1.461558863083814996e-01 7.473274273149323188e-02
7.275297290557444785e-02 9.635007662015342145e-02 7.679657401922862503e-02
3.452845296812852016e-01 3.988009370192834302e-01 8.988481847035890704e-01
1.321230329206326583e-02 1.370110947513237479e-03 6.732401709277087420e-02
1.684781327839583176e-01 3.322020960442348958e-01 3.342067097404215203e-02
4.730250342426932653e-01 2.676268559889684040e-01 4.071272295979523246e-04
4.737550347504478898e-01 7.827603549915415626e-02 1.039545057178708744e-04
2.515974465193508702e-02 1.736011166117570892e-01 3.880495512892884191e-01
4.620438237568950113e-01 5.722967467609051118e-02 5.561555864204196231e-01
3.904139684072201882e-02 6.908931732129982572e-01 5.569090778457411878e-02
1.870285284118235469e-01 1.349333365451869319e-04 7.044700422000247375e-01
5.758960321717987441e-02 2.986396271086001475e-01 2.374201442756575797e-01
6.676453266208676185e-02 1.700671058810935832e-01 5.688777510116012348e-02
6.886173357089098168e-01 5.311583336737610850e-01 1.222038423157672258e-03
3.908558326066243205e-01 9.069185879171317577e-01 3.751314942553266724e-02
5.485656703126354228e-02 2.328205336469340529e-03 6.151562902558285195e-01
4.793264624594868739e-02 2.147692955453786925e-02 1.118503917339567534e-02
5.063549541161634915e-01 6.927627719186096877e-02 3.361455211452430980e-01
2.342814009894655936e-01 3.758736635029116813e-02 7.204100892515225008e-02
6.444224998083174227e-02 9.210621469757757085e-01 7.207036353100232384e-02
5.142460427924825384e-01 1.491375717631736840e-02 7.334328874869548986e-01
1.870303062372202230e-01 2.643672949761560059e-02 1.224557400568904719e-01
6.019965543025451726e-02 1.354802107134722884e-02 4.053024943733674230e-03
3.854639868794165064e-02 1.240114860915106018e-02 3.129627452731905627e-04
4.160916571345147363e-01 2.725020873387260512e-01 8.143912866314360066e-01
4.851622887472891166e-01 7.015487429807757414e-01 1.812427256795570985e-01
4.980772005519881196e-01 7.553981777161021711e-03 1.278374111611985386e-01
1.148348883483505944e-01 9.607529080667708277e-01 1.880888685330335819e-01
1.443819715241005490e-02 2.884728471049901807e-02 3.181724480876291922e-02
3.726497139472512155e-01 2.845825445569067063e-03 6.522564754970050505e-01
