1.406892958212504208e-01 1.406892958212504208e-01
1.236134644248329667e-01 1.236134644248329667e-01
3.853854563438231517e-01 3.853854563438231517e-01
3.503117834100935024e-01 3.503117834100935024e-01
5.561964442016155141e-01 5.158312869495006447e-01
4.708833443962544968e-02 2.076553409585433791e-03
3.874656718380072862e-01 1.854578281000644480e-01
9.249549520751897472e-03 2.966343315408495607e-01
2.475957318792658957e-01 2.475957318792658957e-01
1.795274476794040674e-01 1.795274476794040674e-01
5.258554224010119071e-01 5.258554224010119071e-01
4.702139804031809506e-02 4.702139804031809506e-02
7.203482193016468027e-02 1.112308951789156841e-01
7.656819298440268318e-01 2.929937075997362528e-01
5.958940823467086950e-02 1.946511682935773702e-01
1.026938399911374727e-01 4.011242289277707762e-01
2.080311468185437884e-01 2.080311468185437884e-01
2.229846571968496227e-01 2.229846571968496227e-01
4.026107679263560279e-01 4.026107679263560279e-01
1.663734280582505054e-01 1.663734280582505054e-01
3.795269232436649515e-02 3.795269232436649515e-02
4.815968877123375513e-01 4.815968877123375513e-01
4.609996908011077532e-01 4.609996908011077532e-01
1.945072916218822112e-02 1.945072916218822112e-02
3.399750625101082280e-01 3.399750625101082280e-01
4.494144044896588586e-01 4.494144044896588586e-01
1.742413080237030787e-01 1.742413080237030787e-01
3.636922497652984865e-02 3.636922497652984865e-02
4.448394249636770659e-01 4.448394249636770659e-01
9.143805473078422952e-02 9.143805473078422952e-02
1.465597080098304805e-01 1.465597080098304805e-01
3.171628122957082518e-01 3.171628122957082518e-01
3.114539318571649673e-01 3.114539318571649673e-01
4.397620781461094031e-01 4.397620781461094031e-01
3.143372022246477410e-02 3.143372022246477410e-02
2.173502697742610013e-01 2.173502697742610013e-01
2.081819665717414003e-01 2.081819665717414003e-01
1.450329274030601190e-01 1.450329274030601190e-01
9.360323895617310430e-02 9.360323895617310430e-02
5.531818670690253903e-01 5.531818670690253903e-01
1.653439332755447244e-01 1.653439332755447244e-01
4.055680254323077438e-01 4.055680254323077438e-01
8.057774284330040601e-03 8.057774284330040601e-03
4.210302670078175935e-01 4.210302670078175935e-01
3.173039942378577671e-01 5.623171996304234810e-01
4.352065935015516085e-01 3.668631924690034518e-01
1.189685044333959052e-01 7.037305495960911872e-02
1.285209078271947747e-01 4.465529409641301440e-04
4.677221768217423165e-02 4.677221768217423165e-02
5.179828078030888905e-02 5.179828078030888905e-02
8.707492281705937476e-01 8.707492281705937476e-01
3.068027336692310050e-02 3.068027336692310050e-02
8.717333461973779674e-01 2.813037660137687464e-04
6.295888835811652706e-02 5.023124189356334424e-02
5.751921217033703626e-02 3.987440494024812598e-01
7.788553274168631517e-03 5.507434049379416052e-01
4.516127459683731971e-01 4.516127459683731971e-01
2.559834719968460681e-01 2.559834719968460681e-01
7.337320529391570811e-02 7.337320529391570811e-02
2.190305767408650128e-01 2.190305767408650128e-01
5.013409836869292535e-01 5.013409836869292535e-01
5.763092403765222860e-02 5.763092403765222860e-02
3.828020081139544284e-01 3.828020081139544284e-01
5.822608416146408949e-02 5.822608416146408949e-02
4.556637718773725587e-01 4.556637718773725587e-01
5.634266502880282829e-02 5.634266502880282829e-02
3.230882321679923175e-03 3.230882321679923175e-03
4.847626807721449049e-01 4.847626807721449049e-01
9.883663851238556897e-02 9.883663851238556897e-02
4.056231575480641616e-01 4.056231575480641616e-01
1.268718607656947328e-01 1.268718607656947328e-01
3.686683431738556060e-01 3.686683431738556060e-01
1.220215689358842975e-01 1.220215689358842975e-01
1.768288270074349633e-01 1.768288270074349633e-01
2.515047312232001064e-01 2.515047312232001064e-01
4.496448728334805356e-01 4.496448728334805356e-01
1.597677540804656737e-01 1.597677540804656737e-01
4.353280803518307929e-01 4.353280803518307929e-01
3.161410557936131238e-01 3.161410557936131238e-01
8.876310977409053449e-02 8.876310977409053449e-02
8.819379696637613675e-02 8.819379696637613675e-02
5.662522769703390996e-02 5.662522769703390996e-02
3.694243541956602206e-01 3.694243541956602206e-01
4.857566211409297674e-01 4.857566211409297674e-01
8.645397821543835404e-01 8.645397821543835404e-01
9.242466697516969754e-02 9.242466697516969754e-02
8.321608051796982805e-03 8.321608051796982805e-03
3.471394281864975673e-02 3.471394281864975673e-02
3.306964099661408585e-01 3.306964099661408585e-01
2.068730671713198133e-01 2.068730671713198133e-01
2.332752420684052752e-01 2.332752420684052752e-01
2.291552807941340530e-01 2.291552807941340530e-01
8.670413788250549980e-02 8.670413788250549980e-02
1.055713834242790472e-01 1.055713834242790472e-01
6.039750121762412771e-01 6.039750121762412771e-01
2.037494665169741481e-01 2.037494665169741481e-01
9.548770089387327228e-03 9.548770089387327228e-03
2.179477552980857713e-01 2.179477552980857713e-01
7.402635856091647204e-01 7.402635856091647204e-01
3.223988900336224872e-02 3.223988900336224872e-02
3.015603115972835813e-01 3.015603115972835813e-01
3.547663762110059293e-01 3.547663762110059293e-01
1.376898982695822504e-01 1.376898982695822504e-01
2.059834139221283222e-01 2.059834139221283222e-01
8.334396937066310129e-02 8.334396937066310129e-02
4.953641919450771369e-01 4.953641919450771369e-01
2.450369734560070845e-01 2.450369734560070845e-01
1.762548652282528161e-01 1.762548652282528161e-01
4.309085971662962034e-01 4.309085971662962034e-01
9.655578871462663915e-02 9.655578871462663915e-02
3.684991241597644351e-01 3.684991241597644351e-01
1.040364899593126391e-01 1.040364899593126391e-01
3.493417279850128954e-01 3.493417279850128954e-01
4.557623229463795278e-01 4.557623229463795278e-01
1.906993606903431282e-01 1.906993606903431282e-01
4.196588378264435627e-03 4.196588378264435627e-03
9.988868164734691912e-02 9.988868164734691912e-02
6.253747924208246101e-01 6.253747924208246101e-01
2.458468157810488330e-01 2.458468157810488330e-01
2.888971015077962043e-02 2.888971015077962043e-02
9.879231072394267787e-02 9.879231072394267787e-02
4.748843891556335239e-01 4.748843891556335239e-01
3.556556638397732617e-01 3.556556638397732617e-01
7.066763628065061975e-02 7.066763628065061975e-02
8.083297094789397563e-02 8.002344062451712198e-04
1.805688336196807908e-01 8.737612775932373762e-04
5.489738920827417212e-01 2.931947789923299366e-02
1.896243033496835539e-01 9.690065264169285264e-01
6.522187563335893334e-02 6.522187563335893334e-02
2.455156788363846987e-01 2.455156788363846987e-01
1.470240258506361197e-01 1.470240258506361197e-01
5.422384196796201650e-01 5.422384196796201650e-01
8.277110853967147019e-02 5.399963165134438053e-02
8.253620052614180080e-01 4.408476803897916629e-01
1.470684653281156828e-02 4.056747284943139076e-01
7.716003966609902287e-02 9.947795946455018079e-02
6.260679296491736268e-02 6.260679296491736268e-02
3.735002458867962560e-01 3.735002458867962560e-01
2.542175007496154104e-01 2.542175007496154104e-01
3.096754603986710541e-01 3.096754603986710541e-01
2.870606208360795275e-01 2.870606208360795275e-01
3.016604095583610284e-02 3.016604095583610284e-02
3.735243253796479146e-01 3.735243253796479146e-01
3.092490128284364204e-01 3.092490128284364204e-01
1.320992030876396439e-01 1.320992030876396439e-01
4.301105040578055427e-01 4.301105040578055427e-01
2.448485531972845464e-01 2.448485531972845464e-01
1.929417396572702947e-01 1.929417396572702947e-01
1.200992109189479295e-01 1.200992109189479295e-01
3.467229046483743526e-01 3.467229046483743526e-01
4.402272024574950260e-01 4.402272024574950260e-01
9.295068197518251141e-02 9.295068197518251141e-02
1.824712245846693559e-01 1.824712245846693559e-01
1.592896160774945613e-01 1.592896160774945613e-01
3.026684515260191777e-01 3.026684515260191777e-01
3.555707078118168774e-01 3.555707078118168774e-01
9.591686786780766194e-02 9.591686786780766194e-02
3.320616673775521055e-01 3.320616673775521055e-01
2.158707665263687736e-01 2.158707665263687736e-01
3.561506982282714451e-01 3.561506982282714451e-01
2.924281286742513308e-01 2.924281286742513308e-01
2.170736202397527959e-01 2.170736202397527959e-01
5.123134848670864855e-02 5.123134848670864855e-02
4.392669025992871901e-01 4.392669025992871901e-01
8.460103101897011035e-02 9.090345957040872615e-02
1.360249375956727388e-02 2.134659461514191447e-01
2.880111618525819650e-01 3.718195621429262188e-01
6.137853133688806473e-01 3.238110321352459242e-01
5.309521085716182309e-01 5.309521085716182309e-01
2.448928143252146472e-01 2.448928143252146472e-01
2.084937914762888256e-01 2.084937914762888256e-01
1.566128562687834139e-02 1.566128562687834139e-02
3.206695105049027772e-01 1.479112117233976065e-01
4.211764673774313628e-01 2.521779499992021778e-01
2.362773921969926749e-01 5.259888631354633359e-01
2.187662992067323023e-02 7.392197514193676877e-02
1.563083750956951318e-02 1.563083750956951318e-02
1.693827569128012189e-01 1.693827569128012189e-01
4.308063695580982011e-01 4.308063695580982011e-01
3.841800360195310460e-01 3.841800360195310460e-01
7.993382099413793851e-01 7.993382099413793851e-01
1.665526059444455698e-01 1.665526059444455698e-01
2.754050932663180615e-02 2.754050932663180615e-02
6.568674787543227721e-03 6.568674787543227721e-03
5.056581798970257724e-01 5.056581798970257724e-01
2.769361814951911208e-02 2.769361814951911208e-02
1.903771286633581389e-02 1.903771286633581389e-02
4.476104890871193676e-01 4.476104890871193676e-01
8.129719789988885947e-02 8.129719789988885947e-02
4.127244713798165487e-01 4.127244713798165487e-01
4.643846212189436384e-01 4.643846212189436384e-01
4.159370950135082845e-02 4.159370950135082845e-02
1.099196307869091255e-01 1.099196307869091255e-01
9.687495154137192033e-02 9.687495154137192033e-02
7.452172891138132416e-01 7.452172891138132416e-01
4.798812855790581672e-02 4.798812855790581672e-02
8.469581136818069567e-01 8.469581136818069567e-01
6.236164406718831127e-02 6.236164406718831127e-02
7.606632271804665037e-03 7.606632271804665037e-03
8.307360997920008872e-02 8.307360997920008872e-02
